 1
 7
 11
 15
 19
 23
 27
 31
 35
 39
 43
 46
 49
 53
 55
 59
 62
 63
 67
 71
 75
 78
 81
 85
 87
 90
 93
 95
 98
 101
 103
 106
 109
 111
 113
 115
 118
 119
 122
 123
 125
 127
 127
 131
 134
 137
 139
 142
 143
 147
 149
 151
 153
 155
 157
 159
 161
 163
 166
 167
 170
 172
 174
 175
 177
 179
 181
 182
 183
 185
 186
 187
 189
 190
 191
 191
 193
 195
 197
 198
 199
 200
 201
 202
 203
 204
 204
 205
 205
 206
 206
 206
 207
 205
 203
 202
 200
 200
 198
 197
 196
 196
 195
 195
 194
 194
 193
 193
 193
 192
 192
 192
 192
 192
 192
 192
 190
 189
 188
 188
 187
 186
 185
 184
 184
 184
 183
 182
 182
 181
 181
 180
 180
 180
 179
 179
 179
 178
 178
 178
 178
 178
 177
 177
 177
 177
 177
 177
 177
 177
 177
 176
 176
 176
 176
 176
 176
 176
 176
 176
 176
 176
 176
 176
 176
 128
 0
